0
1
101
1462
15
178
2
201
204
207
216
223
226
23
252
2571
3
3564
4
5
6
7
71
77
8
9
99
0
1
101
12
120
146
1462
15
1517
16
186
2
201
212
219
223
232
2571
2878
3
31
3564
4
5
6
7
71
77
8
9
94
99
0
1
101
113
119
122
123
136
1462
15
156
16
167
186
193
196
198
2
201
205
206
208
210
212
215
219
223
23
232
2571
2878
3
3564
4
44
5
6
7
71
77
8
9
99
0
1
100
101
130
136
1462
15
186
198
2
202
207
212
215
216
2571
2878
3
33
3564
4
5
7
71
76
77
8
9
91
99
0
1
101
1462
15
156
16
2
201
208
223
233
2571
3
3564
4
5
7
71
77
8
9
99
0
0"
1
101
123
136
1462
15
193
2
213
223
23
2571
2878
3
31
3564
4
5
7
71
77
8
9
99
